0 26 62.5
0 23 62.5
1 21 87.5
1 28 87.5
1 11 87.5
1 6 87.5
2 16 100.0
2 20 100.0
2 29 100.0
2 9 100.0
2 18 100.0
3 24 75.0
3 7 75.0
3 13 75.0
3 19 75.0
4 22 100.0
4 20 75.0
5 12 75.0
6 22 100.0
6 1 87.5
7 22 100.0
7 3 75.0
7 27 75.0
8 12 75.0
8 16 75.0
9 2 100.0
9 14 62.5
9 23 50.0
10 24 62.5
11 1 87.5
11 17 37.5
11 15 87.5
12 16 75.0
12 5 75.0
12 8 75.0
13 3 75.0
14 9 62.5
14 26 62.5
15 22 100.0
15 17 87.5
15 11 87.5
16 2 100.0
16 12 75.0
16 8 75.0
17 15 87.5
17 11 37.5
18 2 100.0
19 24 62.5
19 3 75.0
20 2 100.0
20 4 75.0
21 1 87.5
22 4 100.0
22 7 100.0
22 15 100.0
22 6 100.0
22 25 100.0
22 27 100.0
23 0 62.5
23 9 50.0
24 3 75.0
24 10 62.5
24 19 62.5
25 22 100.0
26 0 62.5
26 14 62.5
27 22 100.0
27 7 75.0
28 1 87.5
29 2 100.0