1 66 100.0
1 74 100.0
2 52 100.0
2 72 100.0
2 84 100.0
3 58 100.0
3 97 100.0
4 63 100.0
4 70 100.0
5 37 100.0
5 65 100.0
5 80 100.0
6 24 100.0
6 72 100.0
6 88 100.0
7 57 100.0
7 76 100.0
8 31 100.0
8 92 100.0
9 24 100.0
10 86 100.0
11 33 100.0
12 43 100.0
12 62 100.0
13 63 100.0
13 80 100.0
13 84 100.0
14 21 100.0
14 98 100.0
15 36 100.0
15 85 100.0
15 89 100.0
16 63 100.0
17 45 100.0
17 54 100.0
17 61 100.0
17 75 100.0
17 90 100.0
17 98 100.0
18 32 100.0
19 46 100.0
19 51 100.0
19 67 100.0
19 69 100.0
19 86 100.0
20 43 100.0
20 51 100.0
21 14 100.0
21 56 100.0
21 68 100.0
21 75 100.0
22 57 100.0
23 81 100.0
23 100 100.0
24 6 100.0
24 9 100.0
24 49 100.0
24 86 100.0
25 59 100.0
25 83 100.0
26 78 100.0
26 83 100.0
26 86 100.0
27 64 100.0
28 86 100.0
28 93 100.0
29 54 100.0
29 71 100.0
29 75 100.0
29 84 100.0
30 42 100.0
30 46 100.0
30 54 100.0
30 63 100.0
30 87 100.0
31 8 100.0
31 32 100.0
31 98 100.0
32 18 100.0
32 31 100.0
32 46 100.0
32 50 100.0
32 82 100.0
32 98 100.0
33 11 100.0
33 43 100.0
33 48 100.0
34 99 100.0
35 50 100.0
35 63 100.0
35 75 100.0
36 15 100.0
37 5 100.0
38 44 100.0
38 62 100.0
38 75 100.0
38 85 100.0
39 71 100.0
39 96 100.0
40 46 100.0
40 100 100.0
41 61 100.0
41 84 100.0
42 30 100.0
43 12 100.0
43 20 100.0
43 33 100.0
43 47 100.0
43 71 100.0
43 89 100.0
44 38 100.0
44 56 100.0
45 17 100.0
46 19 100.0
46 30 100.0
46 32 100.0
46 40 100.0
47 43 100.0
47 53 100.0
47 81 100.0
47 98 100.0
48 33 100.0
48 59 100.0
48 67 100.0
48 74 100.0
48 80 100.0
48 99 100.0
49 24 100.0
49 81 100.0
49 89 100.0
50 32 100.0
50 35 100.0
51 19 100.0
51 20 100.0
51 60 100.0
51 87 100.0
52 2 100.0
53 47 100.0
54 17 100.0
54 29 100.0
54 30 100.0
54 92 100.0
55 62 100.0
55 64 100.0
55 78 100.0
55 87 100.0
55 89 100.0
56 21 100.0
56 44 100.0
56 67 100.0
56 95 100.0
57 7 100.0
57 22 100.0
57 64 100.0
58 3 100.0
58 80 100.0
59 25 100.0
59 48 100.0
60 51 100.0
60 97 100.0
61 17 100.0
61 41 100.0
62 12 100.0
62 38 100.0
62 55 100.0
62 83 100.0
63 4 100.0
63 13 100.0
63 16 100.0
63 30 100.0
63 35 100.0
63 67 100.0
63 83 100.0
64 27 100.0
64 55 100.0
64 57 100.0
64 66 100.0
64 88 100.0
64 96 100.0
65 5 100.0
65 91 100.0
66 1 100.0
66 64 100.0
66 92 100.0
66 93 100.0
67 19 100.0
67 48 100.0
67 56 100.0
67 63 100.0
67 70 100.0
67 97 100.0
67 98 100.0
68 21 100.0
68 69 100.0
68 82 100.0
69 19 100.0
69 68 100.0
70 4 100.0
70 67 100.0
70 71 100.0
70 85 100.0
71 29 100.0
71 39 100.0
71 43 100.0
71 70 100.0
71 77 100.0
71 92 100.0
72 2 100.0
72 6 100.0
72 86 100.0
72 91 100.0
73 91 100.0
74 1 100.0
74 48 100.0
74 75 100.0
75 17 100.0
75 21 100.0
75 29 100.0
75 35 100.0
75 38 100.0
75 74 100.0
76 7 100.0
77 71 100.0
78 26 100.0
78 55 100.0
79 88 100.0
80 5 100.0
80 13 100.0
80 48 100.0
80 58 100.0
80 90 100.0
80 92 100.0
81 23 100.0
81 47 100.0
81 49 100.0
82 32 100.0
82 68 100.0
83 25 100.0
83 26 100.0
83 62 100.0
83 63 100.0
84 2 100.0
84 13 100.0
84 29 100.0
84 41 100.0
85 15 100.0
85 38 100.0
85 70 100.0
85 94 100.0
86 10 100.0
86 19 100.0
86 24 100.0
86 26 100.0
86 28 100.0
86 72 100.0
87 30 100.0
87 51 100.0
87 55 100.0
88 6 100.0
88 64 100.0
88 79 100.0
88 89 100.0
88 93 100.0
88 94 100.0
89 15 100.0
89 43 100.0
89 49 100.0
89 55 100.0
89 88 100.0
90 17 100.0
90 80 100.0
91 65 100.0
91 72 100.0
91 73 100.0
92 8 100.0
92 54 100.0
92 66 100.0
92 71 100.0
92 80 100.0
93 28 100.0
93 66 100.0
93 88 100.0
94 85 100.0
94 88 100.0
95 56 100.0
96 39 100.0
96 64 100.0
97 3 100.0
97 60 100.0
97 67 100.0
98 14 100.0
98 17 100.0
98 31 100.0
98 32 100.0
98 47 100.0
98 67 100.0
99 34 100.0
99 48 100.0
100 23 100.0
100 40 100.0