1 8 100.0
1 9 100.0
1 12 100.0
1 15 100.0
1 18 100.0
2 3 100.0
2 5 100.0
2 13 100.0
3 2 100.0
4 14 100.0
4 15 100.0
5 2 100.0
5 11 100.0
5 14 100.0
5 15 100.0
5 20 100.0
6 7 100.0
6 12 100.0
6 18 100.0
7 6 100.0
7 10 100.0
7 12 100.0
7 17 100.0
7 19 100.0
8 1 100.0
8 11 100.0
9 1 100.0
9 13 100.0
9 19 100.0
10 7 100.0
11 5 100.0
11 8 100.0
12 1 100.0
12 6 100.0
12 7 100.0
12 16 100.0
12 19 100.0
13 2 100.0
13 9 100.0
13 16 100.0
14 4 100.0
14 5 100.0
14 15 100.0
14 18 100.0
15 1 100.0
15 4 100.0
15 5 100.0
15 14 100.0
16 12 100.0
16 13 100.0
16 19 100.0
17 7 100.0
18 1 100.0
18 6 100.0
18 14 100.0
19 7 100.0
19 9 100.0
19 12 100.0
19 16 100.0
20 5 100.0