1 2 100.0
1 5 100.0
2 1 100.0
2 14 100.0
2 23 100.0
3 4 100.0
3 17 100.0
3 24 100.0
3 31 100.0
3 32 100.0
4 3 100.0
4 12 100.0
4 16 100.0
4 17 100.0
5 1 100.0
5 15 100.0
5 27 100.0
5 35 100.0
5 38 100.0
6 12 100.0
6 29 100.0
6 38 100.0
7 18 100.0
8 25 100.0
8 34 100.0
9 10 100.0
9 25 100.0
10 9 100.0
10 11 100.0
10 12 100.0
10 22 100.0
10 23 100.0
11 10 100.0
11 14 100.0
11 21 100.0
12 4 100.0
12 6 100.0
12 10 100.0
12 13 100.0
12 24 100.0
12 40 100.0
13 12 100.0
13 21 100.0
13 33 100.0
14 2 100.0
14 11 100.0
14 16 100.0
14 27 100.0
14 29 100.0
14 30 100.0
14 34 100.0
15 5 100.0
15 36 100.0
16 4 100.0
16 14 100.0
17 3 100.0
17 4 100.0
17 18 100.0
18 7 100.0
18 17 100.0
18 32 100.0
19 22 100.0
19 34 100.0
20 29 100.0
20 39 100.0
20 40 100.0
21 11 100.0
21 13 100.0
21 37 100.0
22 10 100.0
22 19 100.0
22 23 100.0
22 38 100.0
23 2 100.0
23 10 100.0
23 22 100.0
23 27 100.0
23 36 100.0
24 3 100.0
24 12 100.0
24 26 100.0
25 8 100.0
25 9 100.0
25 36 100.0
26 24 100.0
27 5 100.0
27 14 100.0
27 23 100.0
27 40 100.0
28 37 100.0
29 6 100.0
29 14 100.0
29 20 100.0
30 14 100.0
31 3 100.0
32 3 100.0
32 18 100.0
32 36 100.0
33 13 100.0
34 8 100.0
34 14 100.0
34 19 100.0
35 5 100.0
35 38 100.0
35 39 100.0
36 15 100.0
36 23 100.0
36 25 100.0
36 32 100.0
37 21 100.0
37 28 100.0
38 5 100.0
38 6 100.0
38 22 100.0
38 35 100.0
39 20 100.0
39 35 100.0
40 12 100.0
40 20 100.0
40 27 100.0