1 49 100.0
2 7 100.0
2 13 100.0
3 19 100.0
3 27 100.0
3 35 100.0
3 49 100.0
4 13 100.0
4 26 100.0
5 10 100.0
5 14 100.0
6 47 100.0
7 2 100.0
8 19 100.0
8 32 100.0
9 12 100.0
9 43 100.0
10 5 100.0
10 25 100.0
10 31 100.0
11 12 100.0
11 20 100.0
11 23 100.0
11 48 100.0
12 9 100.0
12 11 100.0
13 2 100.0
13 4 100.0
13 15 100.0
13 30 100.0
14 5 100.0
15 13 100.0
16 40 100.0
16 47 100.0
17 25 100.0
18 28 100.0
18 30 100.0
18 40 100.0
19 3 100.0
19 8 100.0
20 11 100.0
20 29 100.0
20 39 100.0
21 47 100.0
22 38 100.0
22 44 100.0
23 11 100.0
24 35 100.0
24 43 100.0
25 10 100.0
25 17 100.0
26 4 100.0
27 3 100.0
27 38 100.0
28 18 100.0
29 20 100.0
29 45 100.0
29 50 100.0
30 13 100.0
30 18 100.0
31 10 100.0
31 36 100.0
31 42 100.0
32 8 100.0
33 42 100.0
34 46 100.0
35 3 100.0
35 24 100.0
36 31 100.0
36 49 100.0
37 43 100.0
38 22 100.0
38 27 100.0
39 20 100.0
40 16 100.0
40 18 100.0
40 43 100.0
40 47 100.0
41 44 100.0
42 31 100.0
42 33 100.0
43 9 100.0
43 24 100.0
43 37 100.0
43 40 100.0
44 22 100.0
44 41 100.0
45 29 100.0
46 34 100.0
46 48 100.0
47 6 100.0
47 16 100.0
47 21 100.0
47 40 100.0
48 11 100.0
48 46 100.0
49 1 100.0
49 3 100.0
49 36 100.0
50 29 100.0