1 20 100.0
1 33 100.0
1 53 100.0
2 46 100.0
2 60 100.0
3 37 100.0
3 52 100.0
3 53 100.0
3 54 100.0
4 33 100.0
4 38 100.0
4 50 100.0
5 31 100.0
6 19 100.0
6 29 100.0
6 41 100.0
7 10 100.0
7 30 100.0
7 41 100.0
7 42 100.0
7 54 100.0
8 15 100.0
8 45 100.0
9 35 100.0
10 7 100.0
10 22 100.0
10 24 100.0
10 41 100.0
11 47 100.0
12 26 100.0
12 49 100.0
13 51 100.0
14 18 100.0
14 26 100.0
14 55 100.0
15 8 100.0
15 21 100.0
15 22 100.0
15 25 100.0
15 36 100.0
15 52 100.0
16 18 100.0
17 23 100.0
17 56 100.0
18 14 100.0
18 16 100.0
18 32 100.0
18 59 100.0
19 6 100.0
20 1 100.0
20 22 100.0
21 15 100.0
21 45 100.0
22 10 100.0
22 15 100.0
22 20 100.0
22 59 100.0
23 17 100.0
23 36 100.0
23 38 100.0
23 54 100.0
24 10 100.0
24 34 100.0
25 15 100.0
25 37 100.0
26 12 100.0
26 14 100.0
26 32 100.0
26 58 100.0
26 60 100.0
27 50 100.0
27 60 100.0
28 51 100.0
29 6 100.0
29 34 100.0
29 54 100.0
29 60 100.0
30 7 100.0
30 43 100.0
30 50 100.0
30 51 100.0
31 5 100.0
31 34 100.0
31 50 100.0
32 18 100.0
32 26 100.0
32 52 100.0
33 1 100.0
33 4 100.0
33 53 100.0
34 24 100.0
34 29 100.0
34 31 100.0
34 59 100.0
35 9 100.0
35 40 100.0
35 43 100.0
35 55 100.0
35 57 100.0
36 15 100.0
36 23 100.0
36 46 100.0
37 3 100.0
37 25 100.0
37 55 100.0
38 4 100.0
38 23 100.0
38 46 100.0
38 56 100.0
39 58 100.0
40 35 100.0
40 56 100.0
41 6 100.0
41 7 100.0
41 10 100.0
42 7 100.0
42 59 100.0
43 30 100.0
43 35 100.0
44 47 100.0
44 55 100.0
45 8 100.0
45 21 100.0
46 2 100.0
46 36 100.0
46 38 100.0
46 51 100.0
46 58 100.0
47 11 100.0
47 44 100.0
47 54 100.0
48 51 100.0
49 12 100.0
50 4 100.0
50 27 100.0
50 30 100.0
50 31 100.0
51 13 100.0
51 28 100.0
51 30 100.0
51 46 100.0
51 48 100.0
52 3 100.0
52 15 100.0
52 32 100.0
52 58 100.0
53 1 100.0
53 3 100.0
53 33 100.0
54 3 100.0
54 7 100.0
54 23 100.0
54 29 100.0
54 47 100.0
54 55 100.0
55 14 100.0
55 35 100.0
55 37 100.0
55 44 100.0
55 54 100.0
55 56 100.0
56 17 100.0
56 38 100.0
56 40 100.0
56 55 100.0
57 35 100.0
57 60 100.0
58 26 100.0
58 39 100.0
58 46 100.0
58 52 100.0
59 18 100.0
59 22 100.0
59 34 100.0
59 42 100.0
60 2 100.0
60 26 100.0
60 27 100.0
60 29 100.0
60 57 100.0