1 6 100.0
1 31 100.0
1 70 100.0
1 73 100.0
1 77 100.0
2 23 100.0
2 27 100.0
3 46 100.0
3 67 100.0
4 37 100.0
5 27 100.0
5 42 100.0
5 64 100.0
5 66 100.0
6 1 100.0
6 18 100.0
7 68 100.0
7 77 100.0
8 13 100.0
8 23 100.0
8 45 100.0
8 53 100.0
9 42 100.0
9 53 100.0
9 69 100.0
10 15 100.0
10 35 100.0
11 58 100.0
11 80 100.0
12 54 100.0
12 77 100.0
13 8 100.0
13 17 100.0
13 35 100.0
13 46 100.0
13 70 100.0
14 19 100.0
14 29 100.0
14 57 100.0
14 71 100.0
15 10 100.0
15 71 100.0
15 78 100.0
16 24 100.0
16 49 100.0
16 50 100.0
17 13 100.0
17 30 100.0
17 54 100.0
18 6 100.0
18 24 100.0
18 51 100.0
19 14 100.0
19 45 100.0
19 77 100.0
20 49 100.0
21 23 100.0
21 24 100.0
22 23 100.0
22 37 100.0
22 43 100.0
23 2 100.0
23 8 100.0
23 21 100.0
23 22 100.0
23 56 100.0
23 75 100.0
24 16 100.0
24 18 100.0
24 21 100.0
24 55 100.0
24 70 100.0
25 26 100.0
25 36 100.0
26 25 100.0
26 36 100.0
26 37 100.0
27 2 100.0
27 5 100.0
27 32 100.0
27 33 100.0
27 48 100.0
27 68 100.0
28 51 100.0
28 59 100.0
29 14 100.0
30 17 100.0
30 45 100.0
31 1 100.0
31 33 100.0
31 53 100.0
32 27 100.0
32 77 100.0
32 79 100.0
33 27 100.0
33 31 100.0
34 41 100.0
34 42 100.0
34 48 100.0
34 67 100.0
35 10 100.0
35 13 100.0
35 51 100.0
35 68 100.0
35 74 100.0
36 25 100.0
36 26 100.0
36 65 100.0
36 72 100.0
37 4 100.0
37 22 100.0
37 26 100.0
37 49 100.0
37 62 100.0
37 73 100.0
38 60 100.0
39 80 100.0
40 45 100.0
40 55 100.0
40 70 100.0
41 34 100.0
41 69 100.0
42 5 100.0
42 9 100.0
42 34 100.0
42 46 100.0
42 62 100.0
42 70 100.0
43 22 100.0
43 76 100.0
44 58 100.0
45 8 100.0
45 19 100.0
45 30 100.0
45 40 100.0
45 63 100.0
46 3 100.0
46 13 100.0
46 42 100.0
46 72 100.0
46 80 100.0
47 52 100.0
47 60 100.0
47 72 100.0
48 27 100.0
48 34 100.0
48 66 100.0
49 16 100.0
49 20 100.0
49 37 100.0
50 16 100.0
50 54 100.0
51 18 100.0
51 28 100.0
51 35 100.0
52 47 100.0
53 8 100.0
53 9 100.0
53 31 100.0
54 12 100.0
54 17 100.0
54 50 100.0
54 57 100.0
55 24 100.0
55 40 100.0
55 78 100.0
56 23 100.0
56 58 100.0
56 66 100.0
56 69 100.0
57 14 100.0
57 54 100.0
58 11 100.0
58 44 100.0
58 56 100.0
58 68 100.0
59 28 100.0
60 38 100.0
60 47 100.0
61 65 100.0
61 79 100.0
61 80 100.0
62 37 100.0
62 42 100.0
63 45 100.0
63 73 100.0
64 5 100.0
65 36 100.0
65 61 100.0
65 71 100.0
66 5 100.0
66 48 100.0
66 56 100.0
67 3 100.0
67 34 100.0
67 75 100.0
68 7 100.0
68 27 100.0
68 35 100.0
68 58 100.0
69 9 100.0
69 41 100.0
69 56 100.0
69 75 100.0
70 1 100.0
70 13 100.0
70 24 100.0
70 40 100.0
70 42 100.0
70 73 100.0
71 14 100.0
71 15 100.0
71 65 100.0
71 79 100.0
72 36 100.0
72 46 100.0
72 47 100.0
73 1 100.0
73 37 100.0
73 63 100.0
73 70 100.0
74 35 100.0
75 23 100.0
75 67 100.0
75 69 100.0
76 43 100.0
77 1 100.0
77 7 100.0
77 12 100.0
77 19 100.0
77 32 100.0
78 15 100.0
78 55 100.0
79 32 100.0
79 61 100.0
79 71 100.0
80 11 100.0
80 39 100.0
80 46 100.0
80 61 100.0